0.4950
1.2235
1.2966
1.8725
2.6949
3.1024
3.3232
3.4184
3.7832
4.0488
4.4966
4.7148
5.1855
5.4341
5.9022
6.0941
6.1812
6.5871
6.8130
7.2903
7.5356
7.6552
8.2322
8.6930
8.9166
9.3796
9.6180
10.0926
10.3343
10.5580
10.7683
11.0356
11.5031
11.7200
12.1919
12.4100
12.4710
12.9147
13.1525
13.6176
13.8164
14.3178
14.5471
14.9847
15.2289
15.6737
15.9117
16.1240
16.3677
16.5852
17.0585
17.2212
17.5160
17.9774
18.4352
18.6399
19.1085
19.3799
19.8225
20.0947
20.2860
20.4969
20.7515
21.2084
21.4521
21.6736
21.8971
22.1248
22.6011
22.7728
23.2632
23.4898
23.9507
24.1920
24.4184
24.6512
24.8554
24.9304
25.3778
25.6140
26.0653
26.2956
26.9888
27.2483
27.4873
27.7030
28.1896
28.4016
28.6768
28.9022
29.0716
29.6066
29.8135
30.0720
30.3068
30.5226
30.9853
31.2104
31.4433
31.6709
31.9217
32.1579
32.3846
32.6732
33.0810
33.3269
33.7825
34.0148
34.4871
34.7499
35.2148
35.4518
35.6849
35.9349
36.1557
36.6627
36.8907
37.3517
37.5951
38.0654
38.2932
38.7634
39.0392
39.5116
39.7517
40.2042
40.4855
40.9309
41.1785
41.6172
41.8758
42.3291
42.5655
42.7870
43.0164
43.2773
43.7466
43.9457
44.4412
44.6550
45.3812
46.1034
46.5705
46.8036
47.0400
47.2733
47.5122
47.7688
47.9904
48.2266
48.4444
48.6800
48.9221
49.3812
49.5860
50.0697
50.3185
51.0040
51.4783
51.7484
52.2153
52.4520
52.6901
52.9361
53.0674
53.1916
53.6457
53.8943
54.1215
54.3587
54.6314
55.1275
55.3374
55.8117
56.0327
56.5135
56.7412
57.2663
57.4354
57.7476
57.9262
58.1779
58.6217
58.8774
59.3426
59.5755
59.8087
60.0560
60.3084
60.7847
60.9858
61.2225
61.4461
61.6809
61.9411
62.1766
62.4152
62.6439
62.8878
63.1193
63.3567
63.6043
63.8466
64.3157
64.5780
64.8240
65.0583
66.0018
66.4687
67.1490
67.3992
68.1028
68.3268
68.5635
68.8226
69.2857
69.5202
69.7623
69.9900
70.2241
70.7244
70.9323
71.1927
71.6500
72.0394
72.1319
72.3754
73.0500
73.1620
73.2937
73.5364
73.7467
74.2030
74.4310
74.6736
74.9359
75.3876
75.6380
75.8490
76.3386
76.5608
77.0221
77.2586
77.4904
77.9433
78.1218
78.4054
78.6355
79.1030
79.3408
79.7705
80.0472
80.2881
80.5136
80.7383
80.9914
81.4608
81.6989
81.9214
82.1446
82.6028
82.8734
83.0913
83.3115
83.5596
83.6422
84.0178
84.2742
84.5084
84.7420
84.9759
85.0389
85.2150
85.4431
85.6946
85.9464
86.1713
86.3548
86.4468
87.0922
87.5804
87.8241
88.5778
89.0549
89.2940
89.7705
90.0406
90.5090
90.7536
90.9741
91.1981
91.4444
91.9137
92.0779
92.1807
92.6072
92.8530
93.3081
93.5464
93.6307
94.0100
94.2430
94.5153
94.7430
94.9805
95.4499
95.6975
96.1756
96.4237
96.6476
96.8809
97.1212
97.3593
97.5950
97.8310
98.0732
98.3009
98.5054
98.9745
99.2081
99.2613
99.4541
99.6976
99.9127
100.4025
100.6300
100.8625
101.0981
101.3461
101.8410
102.0258
102.0915
102.5442
102.8157
103.2900
103.5121
103.6030
103.9765
104.2350
104.7201
104.9593
105.2001
105.4279
105.6645
105.9272
106.1669
106.3852
106.6405
106.8707
107.1349
107.5968
107.7913
107.8500
108.3295
108.5241
108.5799
109.0560
109.7481
110.0083
110.4613
110.7019
110.9343
111.1590
111.4180
111.8868
112.1161
112.3706
112.5794
112.8379
113.3207
113.4896
113.5610
114.0096
114.2777
114.7452
114.9931
115.4695
115.6800
116.1852
116.4192
116.6622
116.9000
117.1235
117.6140
117.8274
118.0904
118.3255
118.5291
119.0420
119.1409
119.2084
119.3955
119.7411
119.9487
120.4334
120.6026
120.6750
120.8713
121.1346
121.3443
121.4129
121.8521
122.0533
122.5438
122.7533
122.8194
123.2722
123.4753
123.5400
123.7415
123.9681
124.2146
124.6849
124.8484
124.9231
125.0207
125.1122
125.3878
125.6433
125.9423
126.0335
126.0998
126.3228
126.4124
126.7777
127.0444
127.5194
127.7625
128.0098
128.2359
128.4665
128.9718
129.1824
129.6637
129.9206
130.4016
130.6467
130.7338
130.8717
131.1107
131.2927
131.3462
131.7947
132.0274
132.0809
132.2973
132.5090
132.7655
133.0362
133.2320
133.4915
133.9780
134.2275
134.7106
134.8864
134.9735
135.1593
135.2514
135.3431
135.4229
135.5273
135.6203
135.8913
135.9913
136.0796
136.2901
136.3586
136.4499
136.5437
136.6355
136.7294
136.8208
136.9131
137.0036
137.0649
137.5511
138.0188
138.2516
138.5123
138.9740
139.2135
139.4744
139.9508
140.4284
140.6073
140.6898
140.7866
140.8741
140.9681
141.0600
141.1504
141.2455
141.3366
141.4253
141.5229
141.6128
141.7074
141.7988
141.8888
141.9830
142.1637
142.2600
142.3500
142.4439
142.5360
142.6273
142.7205
142.8138
142.9968
143.0902
143.1848
143.2751
143.3684