0.47244094488188976
0.9448818897637795
1.4173228346456692
1.889763779527559
2.3622047244094486
2.8346456692913384
3.3070866141732282
3.779527559055118
4.251968503937007
4.724409448818897
5.196850393700787
5.669291338582677
6.141732283464567
6.6141732283464565
7.086614173228346
7.559055118110236
8.031496062992126
8.503937007874015
8.976377952755906
9.448818897637794
9.921259842519685
10.393700787401574
10.866141732283465
11.338582677165354
11.811023622047244
12.283464566929133
12.755905511811024
13.228346456692913
13.700787401574804
14.173228346456693
14.645669291338583
15.118110236220472
15.590551181102361
16.062992125984252
16.53543307086614
17.00787401574803
17.480314960629922
17.95275590551181
18.4251968503937
18.89763779527559
19.37007874015748
19.84251968503937
20.31496062992126
20.787401574803148
21.25984251968504
21.73228346456693
22.20472440944882
22.677165354330707
23.149606299212596
23.62204724409449
24.094488188976378
24.566929133858267
25.039370078740156
25.511811023622048
25.984251968503937
26.456692913385826
26.929133858267715
27.401574803149607
27.874015748031496
28.346456692913385
28.818897637795274
29.291338582677167
29.763779527559056
30.236220472440944
30.708661417322833
31.181102362204722
31.653543307086615
32.125984251968504
32.59842519685039
33.07086614173228
33.54330708661417
34.01574803149606
34.488188976377955
34.960629921259844
35.43307086614173
35.90551181102362
36.37795275590551
36.8503937007874
37.32283464566929
37.79527559055118
38.26771653543307
38.74015748031496
39.21259842519685
39.68503937007874
40.15748031496063
40.62992125984252
41.10236220472441
41.574803149606296
42.047244094488185
42.51968503937008
42.99212598425197
43.46456692913386
43.93700787401575
44.40944881889764
44.881889763779526
45.354330708661415
45.826771653543304
46.29921259842519
46.77165354330709
47.71653543307087
48.188976377952756
48.661417322834644
48.89763779527559
50.07874015748031
50.55118110236221
51.496062992125985
52.44094488188976
52.67716535433071
53.85826771653543
54.09448818897638
54.33070866141732
55.275590551181104
56.22047244094488
56.69291338582677
57.16535433070866
57.874015748031496
59.05511811023622
60.0
62.125984251968504
62.59842519685039
63.07086614173228
63.30708661417323
63.54330708661417
64.25196850393701
64.48818897637796
64.7244094488189
65.19685039370079
65.43307086614173
65.66929133858268
66.14173228346456
66.61417322834646
67.08661417322834
67.32283464566929
67.55905511811024
68.03149606299212
68.26771653543307
68.50393700787401
68.74015748031496
69.21259842519684
69.44881889763779
70.15748031496062
70.86614173228347
70.62992125984252
71.10236220472441
72.28346456692913
72.51968503937007
72.75590551181102
72.99212598425197
73.22834645669292
73.46456692913385
73.7007874015748
73.93700787401575
74.1732283464567
75.11811023622047
77.48031496062993
76.2992125984252
76.53543307086613
77.95275590551181
78.4251968503937
78.89763779527559
79.37007874015748
79.84251968503936
80.31496062992126
80.78740157480316
81.25984251968504
81.73228346456693
82.20472440944881
82.67716535433071
83.14960629921259
83.62204724409449
84.09448818897637
84.56692913385827
85.03937007874016
85.51181102362204
85.98425196850394
86.45669291338582
86.92913385826772
87.4015748031496
87.8740157480315
88.34645669291338
88.81889763779527
89.29133858267717
89.76377952755905
90.23622047244095
90.70866141732283
91.18110236220473
91.65354330708661
92.1259842519685
92.59842519685039
93.07086614173228
93.54330708661418
94.01574803149606
94.48818897637796
94.96062992125984
95.43307086614173
95.90551181102362
96.37795275590551
96.85039370078741
97.32283464566929
98.26771653543307
97.79527559055119
98.74015748031496
99.21259842519684
99.68503937007874
100.15748031496062
100.62992125984252
101.10236220472441
101.5748031496063
102.04724409448819
102.51968503937007
102.99212598425197
103.46456692913385
103.93700787401575
104.40944881889763
104.88188976377953
105.35433070866142
105.8267716535433
108.66141732283464
109.13385826771653
109.60629921259843
111.49606299212599
113.38582677165354
113.85826771653544
114.80314960629921
115.2755905511811
117.16535433070867
117.63779527559055
119.05511811023622
120.0
120.94488188976378
122.83464566929133
124.72440944881889
124.96062992125984
126.61417322834646
128.03149606299212
130.39370078740157
132.28346456692913
132.51968503937007
134.17322834645668
135.11811023622047
136.06299212598424
137.95275590551182
138.89763779527559
138.18897637795274
138.4251968503937
139.84251968503938
141.25984251968504
142.20472440944883
143.6220472440945
145.51181102362204
146.45669291338584
147.8740157480315
149.29133858267716
150.23622047244095
151.1811023622047
151.88976377952756
152.1259842519685
154.01574803149606
155.43307086614172
155.90551181102362
156.3779527559055
157.3228346456693
157.79527559055117
158.26771653543307
159.21259842519686
160.15748031496062
161.10236220472441
161.5748031496063
162.04724409448818
162.51968503937007
163.46456692913387
163.93700787401573
164.40944881889763
164.88188976377953
165.35433070866142
165.82677165354332
166.29921259842519
166.77165354330708
167.48031496062993
168.18897637795274
168.66141732283464
169.13385826771653
169.60629921259843
170.07874015748033
170.5511811023622
171.0236220472441
171.49606299212599
171.96850393700788
172.44094488188975
172.91338582677164
173.38582677165354
173.85826771653544
177.63779527559055
178.58267716535434
179.5275590551181
180.0
180.4724409448819
181.41732283464566
182.36220472440945
182.83464566929135
183.30708661417322
183.54330708661416
183.7795275590551
184.7244094488189
185.19685039370077
186.14173228346456
187.08661417322836
187.32283464566927
187.55905511811022
189.92125984251967
190.86614173228347
191.81102362204723
192.28346456692913
192.51968503937007
193.70078740157481
195.59055118110237
195.82677165354332
196.06299212598424
197.24409448818898
197.48031496062993
197.71653543307087
199.13385826771653
199.37007874015748
199.60629921259843
201.0236220472441
201.73228346456693
202.44094488188975
203.1496062992126
203.6220472440945
204.56692913385825
206.45669291338584
206.69291338582676
208.3464566929134
210.23622047244095
210.4724409448819
212.1259842519685
214.251968503937
214.01574803149606
215.43307086614172
217.08661417322836
216.3779527559055
222.04724409448818
222.28346456692913
222.51968503937007
222.99212598425197
223.7007874015748
223.93700787401573
224.17322834645668
224.88188976377953
225.11811023622047
225.35433070866142
226.06299212598424
226.29921259842519
226.53543307086613
227.24409448818898
227.48031496062993
227.71653543307087
228.66141732283464
228.89763779527559
229.13385826771653
229.37007874015748
