4.724409448818897
5.669291338582677
6.6141732283464565
7.559055118110236
8.503937007874015
9.448818897637794
10.393700787401574
11.338582677165354
12.283464566929133
13.228346456692913
14.173228346456693
15.118110236220472
16.062992125984252
17.00787401574803
17.95275590551181
18.89763779527559
19.84251968503937
20.551181102362204
21.496062992125985
21.023622047244093
22.677165354330707
24.566929133858267
25.039370078740156
25.511811023622048
27.401574803149607
29.763779527559056
29.05511811023622
28.11023622047244
31.653543307086615
30.944881889763778
32.36220472440945
33.07086614173228
33.77952755905512
34.488188976377955
35.196850393700785
35.90551181102362
36.61417322834646
37.32283464566929
38.031496062992126
38.74015748031496
39.21259842519685
39.68503937007874
40.15748031496063
40.62992125984252
41.10236220472441
41.574803149606296
42.047244094488185
42.51968503937008
42.99212598425197
43.22834645669291
43.7007874015748
43.93700787401575
44.40944881889764
44.645669291338585
45.118110236220474
45.354330708661415
45.826771653543304
46.06299212598425
46.53543307086614
46.77165354330709
47.24409448818898
47.48031496062992
47.95275590551181
48.188976377952756
48.661417322834644
48.89763779527559
49.37007874015748
49.60629921259842
50.07874015748031
50.31496062992126
50.78740157480315
51.023622047244096
51.496062992125985
51.732283464566926
52.204724409448815
52.44094488188976
52.91338582677165
53.1496062992126
53.62204724409449
53.85826771653543
54.33070866141732
54.56692913385827
55.039370078740156
55.275590551181104
55.74803149606299
55.98425196850393
56.45669291338583
56.69291338582677
57.16535433070866
57.40157480314961
57.874015748031496
58.11023622047244
58.58267716535433
59.52755905511811
60.0
61.41732283464567
61.653543307086615
62.125984251968504
62.362204724409445
62.83464566929134
63.07086614173228
63.54330708661417
63.77952755905512
64.25196850393701
64.48818897637796
64.96062992125984
65.19685039370079
65.66929133858268
65.90551181102362
66.37795275590551
66.61417322834646
67.08661417322834
67.32283464566929
67.79527559055119
68.03149606299212
68.50393700787401
68.74015748031496
68.97637795275591
69.21259842519684
69.68503937007874
69.92125984251969
70.39370078740157
70.62992125984252
71.10236220472441
71.33858267716535
71.81102362204724
72.04724409448819
72.51968503937007
72.75590551181102
73.22834645669292
73.46456692913385
73.93700787401575
74.1732283464567
74.64566929133858
74.88188976377953
75.35433070866142
75.59055118110236
76.06299212598425
76.2992125984252
76.77165354330708
77.00787401574803
77.48031496062993
77.71653543307086
78.18897637795276
78.4251968503937
78.89763779527559
79.13385826771653
79.60629921259843
79.84251968503936
80.31496062992126
80.55118110236221
81.02362204724409
81.25984251968504
81.73228346456693
81.96850393700787
82.44094488188976
82.67716535433071
83.14960629921259
83.38582677165354
83.85826771653544
84.09448818897637
84.56692913385827
84.80314960629921
85.2755905511811
85.51181102362204
85.98425196850394
86.22047244094487
86.69291338582677
86.92913385826772
87.4015748031496
87.63779527559055
88.34645669291338
89.76377952755905
91.65354330708661
95.66929133858268
95.90551181102362
96.14173228346456
99.21259842519684
103.7007874015748
104.1732283464567
105.35433070866142
107.24409448818898
107.71653543307086
111.49606299212599
111.96850393700787
113.38582677165354
115.2755905511811
118.11023622047244
118.58267716535433
119.05511811023622
119.5275590551181
120.0
120.47244094488188
120.94488188976378
121.41732283464567
121.88976377952756
122.36220472440945
122.83464566929133
123.30708661417323
123.77952755905511
124.25196850393701
124.72440944881889
125.19685039370079
125.66929133858268
126.14173228346456
126.61417322834646
127.08661417322834
127.55905511811024
128.03149606299212
128.50393700787401
128.9763779527559
129.4488188976378
129.92125984251967
130.39370078740157
130.86614173228347
131.33858267716536
131.81102362204723
132.28346456692913
132.75590551181102
133.22834645669292
134.17322834645668
133.70078740157481
135.11811023622047
135.59055118110237
137.00787401574803
137.48031496062993
137.95275590551182
138.4251968503937
138.89763779527559
139.37007874015748
139.84251968503938
140.31496062992125
140.78740157480314
141.25984251968504
141.73228346456693
142.20472440944883
142.6771653543307
143.1496062992126
143.6220472440945
144.09448818897638
144.56692913385825
145.03937007874015
145.51181102362204
145.98425196850394
146.45669291338584
146.9291338582677
147.4015748031496
147.8740157480315
148.3464566929134
148.81889763779526
149.29133858267716
149.76377952755905
150.23622047244095
150.70866141732284
151.1811023622047
151.6535433070866
152.1259842519685
152.5984251968504
153.07086614173227
153.54330708661416
154.01574803149606
154.48818897637796
154.96062992125985
155.43307086614172
155.90551181102362
156.3779527559055
156.8503937007874
157.3228346456693
157.79527559055117
158.26771653543307
158.74015748031496
159.21259842519686
159.68503937007873
160.15748031496062
160.62992125984252
161.10236220472441
161.5748031496063
162.04724409448818
162.51968503937007
162.99212598425197
163.46456692913387
163.93700787401573
164.40944881889763
164.88188976377953
165.35433070866142
165.82677165354332
166.29921259842519
166.77165354330708
167.24409448818898
167.71653543307087
168.18897637795274
168.66141732283464
169.13385826771653
169.60629921259843
170.07874015748033
170.5511811023622
171.0236220472441
171.49606299212599
171.96850393700788
172.44094488188975
172.91338582677164
173.38582677165354
173.85826771653544
174.33070866141733
174.8031496062992
175.2755905511811
175.748031496063
176.2204724409449
176.69291338582676
177.16535433070865
177.63779527559055
178.11023622047244
178.58267716535434
179.0551181102362
182.36220472440945
183.30708661417322
184.251968503937
184.7244094488189
185.66929133858267
186.14173228346456
187.08661417322836
188.03149606299212
189.21259842519686
190.15748031496062
191.33858267716536
192.04724409448818
192.28346456692913
193.22834645669292
193.70078740157481
195.82677165354332
197.71653543307087
199.84251968503938
201.73228346456693
203.6220472440945
205.03937007874015
209.0551181102362
210.70866141732284
212.83464566929135
216.61417322834646
218.74015748031496
220.62992125984252
222.51968503937007
224.17322834645668
226.06299212598424
227.95275590551182
231.73228346456693
232.20472440944883
232.6771653543307
233.1496062992126
233.6220472440945
234.09448818897638
234.56692913385825
235.03937007874015
235.98425196850394
235.51181102362204
236.45669291338584
236.9291338582677
237.4015748031496
237.8740157480315
238.3464566929134
238.81889763779526
239.29133858267716
239.76377952755905
240.23622047244095
240.70866141732284
241.1811023622047
241.6535433070866
242.1259842519685
242.5984251968504
243.07086614173227
243.54330708661416
247.08661417322836
247.55905511811022
248.74015748031496
249.21259842519686
250.86614173228347
251.33858267716536
251.81102362204723
252.28346456692913
252.75590551181102
253.22834645669292
253.7007874015748
254.17322834645668
254.64566929133858
255.11811023622047
255.59055118110237
256.06299212598424
256.53543307086613
257.00787401574803
257.4803149606299
257.9527559055118
258.4251968503937
258.8976377952756
259.37007874015745
259.84251968503935
260.31496062992125
260.78740157480314
261.25984251968504
261.73228346456693
262.20472440944883
262.6771653543307
263.1496062992126
263.62204724409446
264.09448818897636
264.56692913385825
265.03937007874015
265.51181102362204
265.98425196850394
266.45669291338584
266.92913385826773
267.40157480314963
267.87401574803147
268.34645669291336
268.81889763779526
269.29133858267716
269.76377952755905
270.23622047244095
270.70866141732284
271.18110236220474
271.65354330708664
272.1259842519685
272.59842519685037
273.07086614173227
273.54330708661416
274.01574803149606
274.48818897637796
274.96062992125985
275.43307086614175
275.90551181102364
276.3779527559055
276.8503937007874
277.3228346456693
277.79527559055117
278.26771653543307
278.74015748031496
279.21259842519686
279.68503937007875
280.15748031496065
280.6299212598425
281.1023622047244
281.5748031496063
282.0472440944882
282.5196850393701
282.99212598425197
283.46456692913387
283.93700787401576
284.40944881889766
284.8818897637795
285.3543307086614
286.2992125984252
285.8267716535433
286.7716535433071
287.244094488189
287.7165354330709
288.18897637795277
288.66141732283467
292.9133858267717
293.3858267716535
293.62204724409446
293.8582677165354
295.748031496063
296.6929133858268
297.1653543307087
297.40157480314963
297.6377952755905
298.5826771653543
299.5275590551181
300.4724409448819
300.9448818897638
301.18110236220474
301.4173228346457
