6.144578313253012
6.506024096385542
6.867469879518072
7.228915662650603
7.590361445783133
7.951807228915663
8.313253012048193
8.674698795180722
9.036144578313253
9.397590361445783
9.759036144578314
10.120481927710843
10.481927710843374
10.843373493975903
11.204819277108435
11.566265060240964
11.927710843373493
12.289156626506024
12.650602409638553
13.012048192771084
13.373493975903614
13.734939759036145
14.096385542168674
14.457831325301205
14.819277108433734
15.180722891566266
15.542168674698795
15.903614457831326
16.265060240963855
16.626506024096386
16.987951807228917
17.349397590361445
17.710843373493976
18.072289156626507
18.433734939759034
18.795180722891565
19.156626506024097
19.518072289156628
19.879518072289155
20.240963855421686
20.602409638554217
20.96385542168675
21.325301204819276
21.686746987951807
22.048192771084338
22.40963855421687
22.771084337349397
23.132530120481928
23.49397590361446
23.855421686746986
24.216867469879517
24.57831325301205
24.93975903614458
25.301204819277107
25.662650602409638
26.02409638554217
26.3855421686747
26.746987951807228
27.10843373493976
27.46987951807229
27.83132530120482
28.19277108433735
28.55421686746988
28.91566265060241
29.277108433734938
29.63855421686747
30.0
30.36144578313253
30.72289156626506
31.08433734939759
31.44578313253012
31.80722891566265
32.16867469879518
32.53012048192771
32.89156626506024
33.25301204819277
33.6144578313253
33.975903614457835
34.33734939759036
34.69879518072289
35.06024096385542
35.42168674698795
35.78313253012048
36.144578313253014
36.506024096385545
36.86746987951807
37.2289156626506
37.59036144578313
37.95180722891566
38.31325301204819
38.674698795180724
39.036144578313255
39.397590361445786
39.75903614457831
40.12048192771084
40.48192771084337
40.8433734939759
41.204819277108435
41.566265060240966
41.9277108433735
42.28915662650602
42.65060240963855
43.01204819277108
43.373493975903614
43.734939759036145
44.096385542168676
44.45783132530121
44.81927710843374
45.18072289156626
45.54216867469879
45.903614457831324
46.265060240963855
46.98795180722892
47.71084337349397
48.0722891566265
48.433734939759034
49.1566265060241
49.87951807228916
50.602409638554214
50.963855421686745
51.325301204819276
52.04819277108434
52.7710843373494
53.493975903614455
53.855421686746986
54.21686746987952
54.93975903614458
55.66265060240964
56.3855421686747
56.74698795180723
57.10843373493976
57.83132530120482
58.554216867469876
59.27710843373494
59.63855421686747
60.0
60.72289156626506
61.44578313253012
62.16867469879518
62.53012048192771
62.89156626506024
63.6144578313253
64.33734939759036
65.06024096385542
65.42168674698794
65.78313253012048
66.50602409638554
67.2289156626506
67.95180722891567
68.3132530120482
68.67469879518072
69.75903614457832
70.12048192771084
70.48192771084338
70.8433734939759
71.20481927710843
71.56626506024097
71.92771084337349
72.28915662650603
72.65060240963855
73.01204819277109
73.37349397590361
73.73493975903614
74.09638554216868
74.4578313253012
74.81927710843374
75.18072289156626
75.5421686746988
75.90361445783132
76.26506024096385
76.62650602409639
76.98795180722891
77.34939759036145
77.71084337349397
78.07228915662651
78.43373493975903
78.79518072289157
79.1566265060241
79.51807228915662
79.87951807228916
80.24096385542168
80.60240963855422
80.96385542168674
81.32530120481928
81.6867469879518
82.04819277108433
82.40963855421687
82.7710843373494
83.13253012048193
83.49397590361446
83.855421686747
84.21686746987952
84.57831325301204
84.93975903614458
85.3012048192771
85.66265060240964
86.02409638554217
86.3855421686747
86.74698795180723
87.10843373493975
87.46987951807229
87.83132530120481
88.19277108433735
88.55421686746988
88.91566265060241
89.27710843373494
89.63855421686748
90.0
90.36144578313252
90.72289156626506
91.08433734939759
91.44578313253012
91.80722891566265
92.16867469879519
92.53012048192771
92.89156626506023
93.25301204819277
93.6144578313253
93.97590361445783
94.33734939759036
94.6987951807229
95.06024096385542
95.42168674698794
95.78313253012048
96.144578313253
96.50602409638554
96.86746987951807
97.2289156626506
97.59036144578313
97.95180722891567
98.3132530120482
98.67469879518072
99.03614457831326
99.39759036144578
99.75903614457832
100.12048192771084
100.48192771084338
100.8433734939759
101.20481927710843
101.56626506024097
101.92771084337349
102.28915662650603
102.65060240963855
103.01204819277109
103.37349397590361
103.73493975903614
104.09638554216868
104.4578313253012
105.18072289156626
105.90361445783132
106.62650602409639
107.34939759036145
108.07228915662651
108.79518072289157
109.51807228915662
110.24096385542168
110.96385542168674
111.6867469879518
112.40963855421687
113.13253012048193
113.855421686747
114.57831325301204
115.3012048192771
116.02409638554217
116.74698795180723
117.46987951807229
118.19277108433735
118.91566265060241
119.63855421686748
120.36144578313252
121.08433734939759
121.80722891566265
122.53012048192771
123.25301204819277
123.97590361445783
124.6987951807229
125.42168674698794
126.144578313253
126.86746987951807
127.59036144578313
128.3132530120482
129.03614457831324
129.75903614457832
130.48192771084337
131.20481927710844
131.9277108433735
132.65060240963857
133.3734939759036
134.09638554216866
134.81927710843374
135.5421686746988
136.26506024096386
136.9879518072289
137.710843373494
138.43373493975903
139.15662650602408
139.87951807228916
140.6024096385542
141.32530120481928
142.04819277108433
142.7710843373494
143.49397590361446
144.21686746987953
144.93975903614458
145.66265060240963
146.3855421686747
147.10843373493975
147.83132530120483
148.55421686746988
149.27710843373495
150.0
150.72289156626505
151.0843373493976
151.44578313253012
151.80722891566265
152.16867469879517
152.5301204819277
152.89156626506025
153.25301204819277
153.6144578313253
153.97590361445782
154.33734939759037
154.6987951807229
155.06024096385542
155.42168674698794
155.78313253012047
156.14457831325302
156.50602409638554
156.86746987951807
157.2289156626506
157.59036144578315
157.95180722891567
158.3132530120482
158.67469879518072
159.03614457831324
159.3975903614458
159.75903614457832
160.12048192771084
160.48192771084337
160.8433734939759
161.20481927710844
161.56626506024097
161.9277108433735
162.289156626506
162.65060240963857
163.0120481927711
163.3734939759036
163.73493975903614
164.09638554216866
164.4578313253012
164.81927710843374
165.18072289156626
165.5421686746988
165.90361445783134
166.26506024096386
166.6265060240964
166.9879518072289
167.34939759036143
167.710843373494
168.0722891566265
168.43373493975903
168.79518072289156
169.15662650602408
169.51807228915663
169.87951807228916
170.24096385542168
170.6024096385542
170.96385542168676
171.32530120481928
171.6867469879518
172.04819277108433
172.40963855421685
172.7710843373494
173.13253012048193
173.49397590361446
173.85542168674698
174.57831325301206
175.3012048192771
176.02409638554218
176.74698795180723
177.46987951807228
178.19277108433735
178.9156626506024
179.63855421686748
180.36144578313252
181.0843373493976
181.80722891566265
182.5301204819277
183.25301204819277
183.97590361445782
184.6987951807229
185.42168674698794
186.14457831325302
186.86746987951807
187.59036144578315
188.3132530120482
189.03614457831324
189.75903614457832
190.48192771084337
191.20481927710844
191.9277108433735
192.65060240963857
193.3734939759036
194.09638554216866
194.81927710843374
195.5421686746988
196.26506024096386
196.9879518072289
197.710843373494
198.43373493975903
199.15662650602408
199.87951807228916
200.6024096385542
201.32530120481928
202.04819277108433
202.7710843373494
203.49397590361446
204.2168674698795
204.93975903614458
205.66265060240963
206.3855421686747
207.10843373493975
207.83132530120483
208.55421686746988
209.27710843373495
210.0
210.72289156626505
211.44578313253012
212.16867469879517
212.89156626506025
213.6144578313253
214.33734939759037
215.06024096385542
215.78313253012047
216.50602409638554
217.2289156626506
217.95180722891567
218.67469879518072
219.3975903614458
220.12048192771084
220.48192771084337
