0.24
0.6
0.8999999999999999
1.2
1.5
1.7999999999999998
2.1
2.4
2.6999999999999997
3.0
3.3
3.5999999999999996
3.9
4.2
4.5
4.8
5.1
5.3999999999999995
5.7
6.0
6.3
6.6
6.8999999999999995
7.199999999999999
7.5
7.8
8.1
8.4
8.7
9.0
9.299999999999999
9.6
9.9
10.2
10.5
10.799999999999999
11.1
11.4
11.7
12.0
12.299999999999999
12.6
12.9
13.2
13.5
13.799999999999999
14.1
14.399999999999999
14.7
15.0
15.299999999999999
15.6
15.899999999999999
16.2
16.5
16.8
17.099999999999998
17.4
17.7
18.0
18.3
18.599999999999998
18.9
19.2
19.5
19.8
20.099999999999998
20.4
20.7
21.0
21.3
21.599999999999998
21.9
22.2
22.5
22.8
23.099999999999998
23.4
23.7
24.0
24.3
24.599999999999998
24.9
25.2
25.5
25.8
26.099999999999998
26.4
26.7
27.0
27.599999999999998
27.9
28.2
28.5
28.799999999999997
29.099999999999998
29.4
29.7
30.0
30.299999999999997
30.599999999999998
30.9
31.2
31.5
31.799999999999997
32.1
32.4
32.699999999999996
33.0
33.3
33.6
33.9
34.199999999999996
34.5
34.8
35.1
35.4
35.699999999999996
36.0
36.3
36.6
36.9
37.199999999999996
37.5
37.8
38.1
38.4
38.699999999999996
39.0
39.3
39.6
39.9
40.199999999999996
41.4
41.4
43.8
43.8
46.199999999999996
46.5
46.8
47.1
47.4
47.699999999999996
48.0
48.3
48.6
48.9
49.199999999999996
49.5
49.8
50.1
50.4
50.699999999999996
51.0
51.3
51.6
51.9
52.199999999999996
52.5
52.8
53.1
53.4
53.699999999999996
54.0
54.3
54.6
54.9
55.199999999999996
55.5
55.8
56.1
56.4
56.699999999999996
57.0
57.3
57.599999999999994
57.9
58.199999999999996
58.5
58.8
59.099999999999994
59.4
59.699999999999996
60.0
60.3
60.599999999999994
60.9
61.199999999999996
61.5
61.8
62.099999999999994
62.4
62.699999999999996
63.0
63.3
63.599999999999994
63.9
64.2
64.5
64.8
65.1
65.39999999999999
65.7
66.0
66.3
66.6
66.89999999999999
67.2
67.5
67.8
68.1
68.39999999999999
68.7
69.0
69.3
69.6
69.89999999999999
70.2
70.5
70.8
71.1
71.39999999999999
71.7
72.0
72.3
72.6
72.89999999999999
73.2
73.5
73.8
74.1
74.39999999999999
74.7
75.0
77.39999999999999
77.7
78.0
78.3
78.6
78.89999999999999
79.2
79.5
79.8
80.1
80.39999999999999
80.7
81.0
81.3
81.6
81.89999999999999
82.2
82.5
82.8
83.1
83.39999999999999
83.7
84.0
84.3
84.6
84.89999999999999
85.2
85.5
85.8
86.1
86.39999999999999
86.7
87.0
87.3
87.6
87.89999999999999
88.2
88.5
88.8
89.1
89.39999999999999
89.7
90.0
90.3
90.6
90.89999999999999
91.2
91.5
91.8
92.1
92.39999999999999
92.7
93.0
93.3
93.6
93.89999999999999
94.2
94.5
94.8
95.1
95.39999999999999
96.3
96.6
96.89999999999999
97.2
97.5
97.8
98.1
98.39999999999999
98.7
99.0
99.3
99.6
99.86999999999999
100.2
100.5
100.8
101.1
101.39999999999999
101.7
102.0
102.3
102.6
102.89999999999999
103.2
103.5
103.8
104.1
104.39999999999999
104.7
105.0
105.3
105.6
107.7
105.89999999999999
106.5
107.39999999999999
107.1
108.0
108.3
108.6
108.89999999999999
109.2
109.5
109.8
110.1
110.39999999999999
110.7
111.0
111.3
111.6
111.89999999999999
112.2
112.5
112.8
113.1
114.3
114.89999999999999
114.6
115.19999999999999
115.5
116.1
116.39999999999999
117.0
117.3
117.6
118.19999999999999
118.5
118.8
119.1
119.39999999999999
119.69999999999999
120.0
120.3
120.89999999999999
120.6
121.19999999999999
121.5
121.8
122.1
122.39999999999999
122.69999999999999
123.0
123.3
123.6
123.89999999999999
124.19999999999999
124.5
124.8
125.1
125.39999999999999
125.69999999999999
126.0
126.3
126.6
126.89999999999999
127.19999999999999
127.5
127.8
128.1
128.4
128.7
129.0
129.29999999999998
129.6
129.9
130.2
130.5
130.79999999999998
131.1
131.4
131.7
132.0
132.29999999999998
132.6
132.9
133.2
135.0
135.29999999999998
135.6
135.9
136.2
136.5
136.79999999999998
137.1
137.4
137.7
138.0
138.29999999999998
138.6
138.9
139.2
139.5
139.79999999999998
140.1
140.4
140.7
141.0
141.29999999999998
141.6
141.9
142.2
143.4
144.6
144.9
145.2
145.5
145.79999999999998
146.1
146.4
146.7
147.0
147.29999999999998
147.6
147.9
148.2
148.5
148.79999999999998
149.1
149.4
149.7
150.0
150.29999999999998
150.6
150.9
151.2
151.5
151.79999999999998
152.1
152.4
152.7
153.0
153.29999999999998
153.6
153.9
154.2
154.5
154.79999999999998
155.1
155.4
155.7
156.0
156.29999999999998
156.6
156.9
157.2
157.5
157.79999999999998
158.1
159.0
159.29999999999998
159.6
159.9
160.2
160.5
160.79999999999998
161.1
161.4
161.7
162.0
162.29999999999998
162.6
163.79999999999998
164.1
164.4
164.7
165.0
165.29999999999998
165.6
165.9
166.2
166.5
166.79999999999998
167.1
167.4
167.7
168.0
168.29999999999998
168.6
168.9
169.2
169.5
169.79999999999998
170.1
170.4
170.7
171.0
171.29999999999998
171.6
171.9
172.2
172.5
172.79999999999998
173.1
173.4
173.7
174.0
174.29999999999998
174.6
174.9
175.2
175.5
175.79999999999998
176.1
176.4
176.7
177.0
177.29999999999998
177.6
177.9
178.2
178.5
178.79999999999998
179.1
179.4
179.7
180.0
180.29999999999998
180.6
180.9
181.2
181.5
181.79999999999998
182.7
183.0
183.29999999999998
183.6
183.9
184.2
184.5
184.79999999999998
185.1
185.4
185.7
186.0
186.29999999999998
186.6
186.9
187.2
187.5
187.79999999999998
188.1
188.4
188.7
189.0
189.29999999999998
189.6
189.9
190.2
190.5
190.79999999999998
191.1
191.4
191.7
192.0
192.29999999999998
192.6
192.9
193.2
193.5
193.79999999999998
194.1
194.4
194.7
195.0
195.29999999999998
195.6
195.9
196.2
196.5
196.79999999999998
197.1
197.4
197.7
198.0
198.29999999999998
198.6
199.79999999999998
200.1
200.4
200.7
201.0
201.29999999999998
201.6
201.9
202.2
202.5
202.79999999999998
203.1
203.4
203.7
204.0
204.29999999999998
204.6
204.9
205.2
205.5
205.79999999999998
206.1
206.4
206.7
207.0
207.29999999999998
207.6
207.9
208.2
208.5
208.79999999999998
209.4
209.7
210.0
210.29999999999998
210.6
210.9
211.2
211.5
211.79999999999998
212.1
212.4
212.7
213.0
213.29999999999998
213.6
213.9
214.2
214.5
214.79999999999998
215.1
215.4
215.7
216.0
216.29999999999998
216.6
216.9
217.2
217.5
217.79999999999998
218.1
218.4
218.7
219.0
221.1
221.4
223.5
223.79999999999998
225.9
226.2
228.29999999999998
228.6
230.7
231.0
232.79999999999998
233.1
235.5
235.79999999999998
238.2
241.79999999999998
242.1
242.39999999999998
242.7
243.0
243.29999999999998
243.6
243.89999999999998
244.2
244.5
244.79999999999998
245.1
245.39999999999998
245.7
246.0
246.29999999999998
246.6
246.89999999999998
247.2
247.5
247.79999999999998
248.1
248.39999999999998
248.7
249.0
249.29999999999998
249.6
249.89999999999998
250.2
250.5
250.79999999999998
251.1
251.39999999999998
252.0
252.6
252.29999999999998
251.7
252.89999999999998
253.2
253.5
253.79999999999998
253.95
254.39999999999998
255.0
255.29999999999998
255.48
255.89999999999998
256.2
256.5
256.8
257.09999999999997
257.4
257.7
258.0
258.3
258.59999999999997
259.2
259.5
260.09999999999997
260.4
261.0
261.59999999999997
261.9
262.2
262.5
262.8
264.0
263.09999999999997
263.4
263.7
264.3
264.59999999999997
264.9
265.2
265.5
266.4
265.8
266.09999999999997
266.7
267.0
267.3
267.59999999999997
267.9
268.2
268.5
268.8
269.09999999999997
269.4
269.7
270.0
270.3
270.59999999999997
270.9
271.2
271.5
271.8
272.09999999999997
272.4
272.7
273.0
273.3
273.59999999999997
273.9
274.2
274.5
274.8
275.09999999999997
275.4
275.7
276.3
276.9
277.2
277.5
277.71
278.4
278.7
279.0
279.3
279.59999999999997
279.9
280.2
280.5
280.8
281.09999999999997
281.7
282.0
282.3
282.59999999999997
282.9
283.2
284.09999999999997
284.4
284.7
285.0
285.3
285.59999999999997
285.9
286.2
286.5
286.8
287.09999999999997
287.28
287.48999999999995
287.7
288.0
288.18
288.45
288.66
288.93
289.2
289.44
289.68
289.83
290.07
290.4
290.55
290.7
290.84999999999997
291.0
291.15
291.59999999999997
291.84
292.11
292.32
292.5
292.8
293.03999999999996
293.34
293.58
293.88
294.0
294.27
294.53999999999996
294.81
295.02
295.2
295.5
295.8
296.09999999999997
296.4
296.7
297.0
297.3
297.59999999999997
298.62
298.8
299.09999999999997
299.4
299.7
300.0
300.3
300.59999999999997
300.9
301.5
301.8
301.2
302.09999999999997
302.4
302.7
303.0
303.3
303.9
304.2
304.8
304.5
305.09999999999997
305.4
305.7
306.0
306.3
306.59999999999997
306.9
307.2
307.5
307.8
308.09999999999997
308.4
308.7
309.0
309.3
309.59999999999997
309.9
310.2
310.5
310.8
311.09999999999997
311.4
311.7
312.0
312.3
312.59999999999997
312.9
313.2
313.5
313.8
314.09999999999997
314.4
314.7
315.0
315.3
315.59999999999997
315.9
316.2
316.5
316.8
317.09999999999997
317.4
318.0
318.3
318.59999999999997
318.9
319.2
319.5
319.8
320.09999999999997
320.4
320.7
321.0
321.3
321.59999999999997
321.9
322.2
322.5
322.8
323.09999999999997
323.4
323.7
324.0
324.3
324.59999999999997
324.9
325.2
325.5
325.8
326.4
326.7
327.0
327.3
327.59999999999997
327.9
328.2
330.0
329.09999999999997
328.8
329.4
329.7
330.59999999999997
330.9
331.2
330.3
331.5
332.4
331.8
332.7
333.0
333.3
333.59999999999997
333.9
334.2
334.5
334.8
335.09999999999997
335.4
335.7
336.0
336.3
336.59999999999997
336.9
337.2
337.5
337.8
338.09999999999997
338.4
338.7
339.0
339.3
339.59999999999997
339.9
340.2
340.5
340.8
341.09999999999997
341.4
341.7
342.0
342.3
342.59999999999997
342.9
343.2
343.5
343.8
344.09999999999997
344.4
344.7
345.0
345.3
345.59999999999997
345.9
346.2
346.5
346.8
347.09999999999997
347.4
347.7
348.0
348.3
348.59999999999997
348.9
349.2
349.5
349.8
350.09999999999997
350.4
350.7
351.0
351.9
352.2
351.59999999999997
352.5
352.8
353.09999999999997
353.4
353.7
354.0
354.3
354.59999999999997
354.9
355.2
355.5
355.8
356.09999999999997
356.4
356.7
357.0
357.3
357.59999999999997
357.9
358.2
358.5
358.8
359.4
359.7
360.0
359.09999999999997
360.3
360.59999999999997
360.9
361.2
361.5
361.8
362.09999999999997
362.4
362.7
363.0
363.3
363.59999999999997
363.9
364.2
364.5
364.8
365.09999999999997
365.4
365.7
366.0
368.4
370.8
373.2
375.59999999999997
378.0
380.4
382.8
383.4
384.3
384.59999999999997
384.9
383.55
383.7
383.84999999999997
384.0
385.2
385.5
385.8
386.09999999999997
386.4
386.7
387.0
387.3
387.59999999999997
387.9
388.2
388.5
388.8
389.09999999999997
389.4
389.7
390.0
390.3
390.59999999999997
390.9
391.2
391.5
391.8
392.09999999999997
392.4
392.7
393.0
393.3
393.59999999999997
393.9
394.2
394.5
394.8
395.09999999999997
395.4
395.7
396.0
396.3
396.59999999999997
396.9
397.2
397.5
397.8
398.09999999999997
398.4
398.7
399.3
399.59999999999997
399.0
400.2
400.8
402.0
402.3
402.59999999999997
402.9
403.2
403.5
403.8
404.09999999999997
404.4
404.7
405.0
405.3
405.59999999999997
405.9
406.2
406.5
406.8
407.09999999999997
407.4
407.7
408.0
408.3
408.59999999999997
408.9
409.2
409.5
409.8
410.09999999999997
410.4
410.7
411.3
411.59999999999997
411.0
411.9
412.2
412.5
412.8
413.09999999999997
413.4
413.7
414.0
414.3
414.59999999999997
414.9
415.2
415.5
415.8
416.09999999999997
416.4
416.7
417.0
417.3
417.59999999999997
417.9
418.2
418.5
418.8
419.12999999999994
420.0
419.55
419.78999999999996
419.34
420.3
420.59999999999997
420.9
421.2
421.5
421.8
422.09999999999997
422.4
422.7
423.0
423.3
423.59999999999997
423.9
424.2
424.5
424.8
425.09999999999997
425.4
425.7
426.0
426.3
426.59999999999997
426.9
427.2
427.5
427.8
428.09999999999997
428.4
428.7
429.0
429.3
429.59999999999997
429.9
430.2
430.5
430.8
435.45
435.75
436.02000000000004
436.28999999999996
436.62
435.59999999999997
438.0
438.3
438.59999999999997
438.9
