0.0
0.6
3.0
4.8
5.04
5.28
5.52
5.76
6.96
7.319999999999999
9.0
9.24
9.48
9.719999999999999
9.96
10.2
10.44
10.68
10.92
11.16
12.839999999999998
13.2
13.44
13.799999999999999
13.92
14.28
14.399999999999999
14.76
14.879999999999999
15.239999999999998
15.36
15.719999999999999
15.839999999999998
16.32
16.439999999999998
16.56
16.68
16.8
16.919999999999998
17.04
17.16
17.28
17.4
17.52
17.639999999999997
17.76
17.88
18.0
19.8
20.4
21.0
21.599999999999998
22.2
22.8
23.4
24.0
24.599999999999998
24.84
25.08
25.32
25.56
25.8
26.88
27.96
28.2
28.439999999999998
28.679999999999996
28.92
29.16
29.4
