0.0
0.5357142857142857
1.0714285714285714
1.6071428571428572
2.142857142857143
2.6785714285714284
3.2142857142857144
3.75
4.285714285714286
4.821428571428571
5.357142857142857
5.892857142857142
6.428571428571429
6.964285714285714
7.5
8.035714285714285
8.571428571428571
9.107142857142858
9.642857142857142
10.178571428571429
10.714285714285714
11.25
11.785714285714285
12.321428571428571
12.857142857142858
13.392857142857142
13.928571428571429
14.464285714285714
15.0
15.535714285714285
16.07142857142857
16.607142857142858
17.142857142857142
17.678571428571427
18.214285714285715
18.75
19.285714285714285
19.82142857142857
20.357142857142858
20.892857142857142
21.428571428571427
21.964285714285715
22.5
23.035714285714285
23.57142857142857
24.107142857142858
24.642857142857142
25.178571428571427
25.714285714285715
26.25
27.32142857142857
27.857142857142858
28.392857142857142
29.46428571428571
30.0
30.535714285714285
31.607142857142858
32.14285714285714
32.67857142857143
33.75
34.285714285714285
34.82142857142857
35.89285714285714
36.42857142857143
36.964285714285715
38.035714285714285
38.57142857142857
39.107142857142854
40.17857142857143
40.714285714285715
41.25
42.857142857142854
43.39285714285714
43.92857142857143
44.464285714285715
45.0
45.535714285714285
46.07142857142857
46.607142857142854
47.14285714285714
47.67857142857143
48.214285714285715
48.75
49.285714285714285
49.82142857142857
50.357142857142854
50.89285714285714
51.42857142857143
51.964285714285715
52.5
53.035714285714285
53.57142857142857
54.107142857142854
54.64285714285714
55.17857142857142
55.714285714285715
56.25
56.785714285714285
57.32142857142857
57.857142857142854
58.39285714285714
58.92857142857142
59.464285714285715
60.0
60.535714285714285
61.07142857142857
61.607142857142854
62.14285714285714
62.67857142857142
63.214285714285715
63.75
64.28571428571428
64.82142857142857
65.35714285714286
65.89285714285714
66.42857142857143
66.96428571428571
67.5
68.03571428571428
68.57142857142857
69.10714285714286
69.64285714285714
70.17857142857143
70.71428571428571
71.25
71.78571428571428
72.32142857142857
72.85714285714286
73.39285714285714
73.92857142857143
74.46428571428571
75.0
75.53571428571428
76.07142857142857
76.60714285714286
77.14285714285714
77.67857142857143
78.21428571428571
78.75
79.28571428571428
79.82142857142857
80.35714285714286
80.89285714285714
81.42857142857143
81.96428571428571
82.5
83.03571428571428
83.57142857142857
84.10714285714286
84.64285714285714
85.17857142857143
85.71428571428571
86.25
86.78571428571428
87.32142857142857
87.85714285714286
88.39285714285714
88.92857142857143
89.46428571428571
90.0
90.53571428571428
91.07142857142857
91.60714285714286
92.14285714285714
92.67857142857143
93.21428571428571
93.75
94.28571428571428
94.82142857142857
95.35714285714286
95.89285714285714
96.42857142857143
96.96428571428571
97.5
98.03571428571428
98.57142857142857
99.10714285714286
99.64285714285714
100.17857142857143
100.71428571428571
101.25
101.78571428571428
102.32142857142857
102.85714285714286
103.39285714285714
103.92857142857143
104.46428571428571
105.0
105.53571428571428
106.07142857142857
106.60714285714285
107.14285714285714
107.67857142857143
108.21428571428571
108.75
109.28571428571428
109.82142857142857
110.35714285714285
110.89285714285714
111.42857142857143
111.96428571428571
112.5
113.03571428571428
113.57142857142857
114.10714285714285
114.64285714285714
115.17857142857143
115.71428571428571
116.25
116.78571428571428
117.32142857142857
117.85714285714285
118.39285714285714
118.92857142857143
119.46428571428571
120.0
120.53571428571428
121.07142857142857
121.60714285714285
122.14285714285714
122.67857142857143
123.21428571428571
123.75
124.28571428571428
124.82142857142857
125.35714285714285
125.89285714285714
126.42857142857143
126.96428571428571
127.5
128.03571428571428
128.57142857142856
129.10714285714286
129.64285714285714
130.71428571428572
130.17857142857142
131.25
131.78571428571428
132.32142857142856
132.85714285714286
133.39285714285714
133.92857142857142
134.46428571428572
135.0
135.53571428571428
136.07142857142856
136.60714285714286
137.14285714285714
137.67857142857142
138.21428571428572
138.75
139.28571428571428
139.82142857142856
140.35714285714286
140.89285714285714
141.42857142857142
141.96428571428572
142.5
143.03571428571428
143.57142857142856
144.10714285714286
144.64285714285714
145.17857142857142
145.71428571428572
146.25
146.78571428571428
147.32142857142856
147.85714285714286
148.39285714285714
148.92857142857142
149.46428571428572
150.0
150.53571428571428
151.07142857142856
151.60714285714286
152.14285714285714
152.67857142857142
153.21428571428572
153.75
154.28571428571428
154.82142857142856
155.35714285714286
155.89285714285714
156.42857142857142
156.96428571428572
157.5
158.03571428571428
158.57142857142856
159.10714285714286
159.64285714285714
160.17857142857142
160.71428571428572
161.25
161.78571428571428
162.32142857142856
162.85714285714286
163.39285714285714
163.92857142857142
164.46428571428572
165.0
165.53571428571428
166.07142857142856
166.60714285714286
167.14285714285714
167.67857142857142
168.21428571428572
168.75
169.28571428571428
169.82142857142856
170.35714285714286
170.89285714285714
171.42857142857142
171.96428571428572
172.5
173.03571428571428
173.57142857142856
174.10714285714286
174.64285714285714
175.17857142857142
175.71428571428572
176.25
176.78571428571428
177.32142857142856
177.85714285714286
178.39285714285714
178.92857142857142
179.46428571428572
180.0
180.53571428571428
181.07142857142856
181.60714285714286
182.14285714285714
182.67857142857142
183.21428571428572
183.75
184.28571428571428
184.82142857142856
185.35714285714286
185.89285714285714
186.42857142857142
186.96428571428572
187.5
188.03571428571428
188.57142857142856
189.10714285714286
189.64285714285714
190.17857142857142
190.71428571428572
191.25
191.78571428571428
192.32142857142856
192.85714285714286
193.39285714285714
193.92857142857142
194.46428571428572
195.0
195.53571428571428
196.07142857142856
196.60714285714286
