11.868131868131869
12.197802197802197
12.527472527472527
12.857142857142858
13.186813186813186
13.516483516483516
13.846153846153847
14.175824175824175
14.505494505494505
14.835164835164836
15.164835164835164
15.494505494505495
15.824175824175825
16.153846153846153
17.142857142857142
17.47252747252747
18.46153846153846
18.791208791208792
19.78021978021978
20.10989010989011
5.274725274725275
5.604395604395604
6.593406593406593
6.923076923076923
7.912087912087912
8.241758241758241
9.23076923076923
9.56043956043956
9.89010989010989
10.219780219780219
10.54945054945055
10.87912087912088
11.208791208791208
11.538461538461538
16.813186813186814
16.483516483516482
17.802197802197803
18.13186813186813
19.12087912087912
19.45054945054945
20.439560439560438
20.76923076923077
21.0989010989011
21.428571428571427
21.75824175824176
22.087912087912088
22.417582417582416
22.747252747252748
23.076923076923077
23.406593406593405
23.736263736263737
24.065934065934066
24.395604395604394
24.725274725274726
25.054945054945055
25.384615384615383
25.714285714285715
26.043956043956044
26.373626373626372
26.703296703296704
27.032967032967033
27.36263736263736
27.692307692307693
28.021978021978022
28.35164835164835
28.681318681318682
29.01098901098901
29.34065934065934
29.67032967032967
30.0
30.32967032967033
30.65934065934066
31.64835164835165
30.98901098901099
31.318681318681318
31.978021978021978
32.30769230769231
32.637362637362635
32.967032967032964
33.2967032967033
33.62637362637363
33.956043956043956
34.285714285714285
34.61538461538461
34.94505494505494
35.27472527472528
35.604395604395606
35.934065934065934
36.26373626373626
36.59340659340659
36.92307692307692
37.252747252747255
37.582417582417584
37.91208791208791
38.24175824175824
38.57142857142857
38.9010989010989
39.23076923076923
39.56043956043956
39.89010989010989
40.21978021978022
40.54945054945055
40.879120879120876
41.20879120879121
41.53846153846154
41.86813186813187
42.1978021978022
42.527472527472526
42.857142857142854
43.18681318681318
43.51648351648352
43.84615384615385
44.175824175824175
44.505494505494504
44.83516483516483
45.16483516483516
45.494505494505496
45.824175824175825
46.15384615384615
46.48351648351648
46.81318681318681
47.14285714285714
47.472527472527474
47.8021978021978
48.13186813186813
48.46153846153846
48.79120879120879
49.12087912087912
49.45054945054945
49.78021978021978
50.10989010989011
50.43956043956044
50.76923076923077
51.098901098901095
51.42857142857143
51.75824175824176
52.08791208791209
52.417582417582416
52.747252747252745
53.07692307692307
53.40659340659341
53.73626373626374
54.065934065934066
54.395604395604394
54.72527472527472
55.05494505494505
55.38461538461539
55.714285714285715
56.043956043956044
56.37362637362637
56.7032967032967
57.03296703296703
57.362637362637365
57.69230769230769
58.02197802197802
58.35164835164835
58.68131868131868
59.01098901098901
59.34065934065934
59.67032967032967
60.0
60.32967032967033
60.65934065934066
60.989010989010985
61.31868131868132
61.64835164835165
61.97802197802198
62.30769230769231
62.637362637362635
62.967032967032964
63.2967032967033
63.62637362637363
63.956043956043956
64.28571428571428
64.61538461538461
64.94505494505495
65.27472527472527
65.6043956043956
65.93406593406593
66.26373626373626
66.5934065934066
66.92307692307692
67.25274725274726
67.58241758241758
67.91208791208791
68.24175824175823
68.57142857142857
68.9010989010989
69.23076923076923
69.56043956043956
69.89010989010988
70.21978021978022
70.54945054945055
70.87912087912088
71.20879120879121
71.53846153846153
71.86813186813187
72.19780219780219
72.52747252747253
72.85714285714286
73.18681318681318
73.51648351648352
73.84615384615384
74.17582417582418
74.50549450549451
74.83516483516483
75.16483516483517
75.49450549450549
75.82417582417582
76.15384615384615
76.48351648351648
76.81318681318682
77.14285714285714
77.47252747252747
77.8021978021978
78.13186813186813
78.46153846153847
78.79120879120879
79.12087912087912
79.45054945054945
79.78021978021978
80.1098901098901
80.43956043956044
80.76923076923077
81.0989010989011
81.42857142857143
81.75824175824175
82.08791208791209
82.41758241758242
82.74725274725274
83.07692307692308
83.4065934065934
83.73626373626374
84.06593406593406
84.3956043956044
84.72527472527473
85.05494505494505
85.38461538461539
85.71428571428571
86.04395604395604
86.37362637362637
86.7032967032967
87.03296703296704
87.36263736263736
87.6923076923077
88.02197802197801
88.35164835164835
88.68131868131869
89.01098901098901
89.34065934065934
89.67032967032966
90.0
90.32967032967032
90.65934065934066
90.98901098901099
91.31868131868131
91.64835164835165
91.97802197802197
92.3076923076923
92.63736263736264
92.96703296703296
93.2967032967033
93.62637362637362
93.95604395604396
94.28571428571428
94.61538461538461
94.94505494505495
95.27472527472527
95.6043956043956
95.93406593406593
96.26373626373626
96.5934065934066
96.92307692307692
97.25274725274726
97.58241758241758
97.91208791208791
98.24175824175823
98.57142857142857
98.9010989010989
99.23076923076923
99.56043956043956
99.89010989010988
100.21978021978022
100.54945054945055
100.87912087912088
101.20879120879121
101.53846153846153
101.86813186813187
102.19780219780219
102.52747252747253
102.85714285714286
103.18681318681318
103.51648351648352
103.84615384615384
104.17582417582418
104.50549450549451
104.83516483516483
105.16483516483517
105.49450549450549
105.82417582417582
106.15384615384615
106.48351648351648
106.81318681318682
107.14285714285714
107.47252747252747
107.8021978021978
108.13186813186813
108.46153846153845
108.79120879120879
109.12087912087912
109.45054945054945
109.78021978021978
110.1098901098901
110.43956043956044
110.76923076923077
110.93406593406593
112.08791208791209
112.25274725274726
113.4065934065934
113.57142857142857
114.72527472527473
114.89010989010988
115.38461538461539
115.54945054945055
116.04395604395604
116.20879120879121
117.36263736263736
117.52747252747253
118.68131868131869
118.84615384615384
120.0
120.16483516483517
120.65934065934066
120.82417582417582
121.31868131868131
121.48351648351648
122.63736263736264
122.8021978021978
123.95604395604396
124.12087912087912
125.27472527472527
125.43956043956044
125.93406593406593
126.0989010989011
126.5934065934066
126.75824175824175
128.07692307692307
128.24175824175825
129.23076923076923
129.39560439560438
130.54945054945054
130.71428571428572
131.2087912087912
131.37362637362637
131.86813186813185
132.1978021978022
132.52747252747253
132.85714285714286
133.1868131868132
133.5164835164835
133.84615384615384
134.17582417582418
134.5054945054945
134.83516483516485
135.16483516483515
135.4945054945055
135.82417582417582
136.15384615384616
136.48351648351647
136.8131868131868
137.14285714285714
137.47252747252747
137.8021978021978
138.13186813186812
138.46153846153845
138.7912087912088
139.12087912087912
139.45054945054946
139.78021978021977
140.1098901098901
140.43956043956044
140.76923076923077
141.0989010989011
141.42857142857142
141.75824175824175
142.0879120879121
142.41758241758242
142.74725274725276
143.07692307692307
143.4065934065934
143.73626373626374
144.06593406593407
144.39560439560438
144.72527472527472
145.05494505494505
145.3846153846154
145.71428571428572
146.04395604395603
146.37362637362637
146.7032967032967
147.03296703296704
147.36263736263737
147.69230769230768
148.02197802197801
148.35164835164835
148.6813186813187
149.01098901098902
149.34065934065933
149.67032967032966
150.0
150.32967032967034
150.65934065934064
150.98901098901098
151.3186813186813
151.64835164835165
151.97802197802199
152.3076923076923
152.63736263736263
152.96703296703296
153.2967032967033
153.62637362637363
153.95604395604394
154.28571428571428
154.6153846153846
154.94505494505495
155.27472527472528
155.6043956043956
155.93406593406593
156.26373626373626
156.5934065934066
156.92307692307693
157.25274725274724
157.58241758241758
157.9120879120879
158.24175824175825
158.57142857142856
158.9010989010989
159.23076923076923
159.56043956043956
159.8901098901099
160.2197802197802
160.54945054945054
160.87912087912088
161.2087912087912
161.53846153846155
161.86813186813185
162.1978021978022
162.52747252747253
162.85714285714286
163.1868131868132
163.5164835164835
163.84615384615384
164.17582417582418
164.5054945054945
164.83516483516485
165.16483516483515
165.4945054945055
165.82417582417582
166.15384615384616
166.48351648351647
166.8131868131868
167.14285714285714
167.47252747252747
167.8021978021978
168.13186813186812
168.46153846153845
168.7912087912088
169.12087912087912
169.45054945054946
169.78021978021977
170.1098901098901
170.43956043956044
170.76923076923077
171.0989010989011
171.42857142857142
171.75824175824175
172.0879120879121
172.41758241758242
172.74725274725273
173.07692307692307
173.4065934065934
173.73626373626374
174.06593406593407
174.39560439560438
174.72527472527472
175.05494505494505
175.3846153846154
175.71428571428572
176.04395604395603
176.37362637362637
176.7032967032967
177.03296703296704
177.1978021978022
177.36263736263737
177.52747252747253
177.69230769230768
177.85714285714286
178.02197802197801
178.35164835164835
178.6813186813187
179.01098901098902
179.34065934065933
179.67032967032966
180.0
180.32967032967034
180.65934065934064
180.98901098901098
181.3186813186813
181.64835164835165
181.97802197802199
182.3076923076923
182.63736263736263
182.96703296703296
183.2967032967033
183.62637362637363
183.95604395604394
184.28571428571428
184.6153846153846
184.94505494505495
185.27472527472528
185.6043956043956
185.93406593406593
186.26373626373626
186.5934065934066
186.92307692307693
187.25274725274724
187.58241758241758
187.9120879120879
188.24175824175825
188.57142857142856
188.9010989010989
189.23076923076923
189.56043956043956
189.8901098901099
190.2197802197802
190.54945054945054
190.87912087912088
191.2087912087912
191.53846153846155
191.86813186813185
192.1978021978022
192.52747252747253
192.85714285714286
193.1868131868132
193.5164835164835
193.84615384615384
194.17582417582418
194.5054945054945
194.83516483516482
195.16483516483515
195.4945054945055
195.82417582417582
196.15384615384616
196.48351648351647
