0.6
1.2
2.0
6.0
6.8
7.6
11.8
12.4
13.0
17.2
18.0
18.6
22.8
23.6
24.2
25.0
28.4
28.8
29.2
29.6
30.0
30.4
30.8
31.2
31.4
32.6
33.4
34.0
38.4
39.0
39.8
44.0
44.8
45.4
49.6
50.4
51.0
55.4
56.0
56.8
61.0
61.2
61.6
61.8
62.0
62.2
62.4
62.8
63.0
63.2
63.4
64.0
65.2
66.0
66.6
71.0
72.0
72.8
73.8
74.4
75.0
75.6
76.2
76.8
77.4
78.0
78.6
79.2
79.8
80.4
81.0
82.2
86.4
87.0
88.0
92.2
92.8
93.6
97.8
98.2
98.6
98.8
99.0
99.2
99.4
99.8
100.0
100.2
100.8
102.0
102.8
103.6
108.0
108.6
109.4
113.4
114.4
115.0
119.4
120.0
120.8
125.0
125.8
126.4
130.6
131.0
131.4
131.8
132.0
132.4
132.8
133.0
133.6
134.8
135.6
136.4