0.2724
0.9068
1.0908
1.2532
1.4161
1.5801
1.7382
1.9056
2.0619
2.1588
2.2271
2.3897
2.4768
2.5288
3.3767
3.4559
3.5288
3.6319
3.7012
3.8577
4.0227
4.1888
4.3362
4.4991
4.6717
4.7560
4.8411
5.0084
5.0971
5.1505
5.3328
5.4199
5.4951
6.3140
6.4761
6.6397
6.8025
6.9461
7.1121
7.4283
7.6151
7.7778
8.1083
8.4417
8.7467
8.8551
8.9279
9.0810
9.2448
9.4093
10.5583
10.6489
10.7197
11.0558
11.2070
11.2905
11.3694
11.5147
11.6838
11.8642
12.0281
12.1901
12.3364
12.5112
12.6074
12.6756
12.8386
12.9768
13.8241
13.9712
14.0799
14.1318
14.3077
14.4710
14.6354
14.7825
14.9489
15.1220
15.2008
15.2891
15.4289
15.5340
15.6021
15.7835
15.8703
15.9421
17.0896
17.2481
17.7437
17.8757
18.0641
18.2274
18.5568
19.2012
19.3041
19.3763
19.5325
19.6955
19.8607
20.1835
20.5138
20.9357
21.0170
21.0756
21.1669
21.4929
21.6509
21.8228
21.9803
22.1464
22.2261
22.3081
22.4740
22.6365
22.7989
22.9617
23.1256
23.2880
23.4534
23.5356
23.6149
23.7818
23.9431
24.1056
24.2672
24.4319
24.5926
24.7581
24.9197
25.0842
25.2464
25.4107
25.5729
25.7378
25.9005
26.0648
26.1438
26.2246
26.3927
26.8004
26.8798
27.0449
27.2048
27.3692
27.4543
27.5302
27.6983
27.8605
28.0235
28.1883
28.3515
28.5144
28.6771
28.7617
28.8395
29.0056
30.0638
30.3047
30.7178
30.7953
30.8761
30.9627
31.0428
31.1220
31.5310
31.6128
31.9419
32.0231
32.1030
32.2660
32.4297
32.5946
32.6787
32.7567
32.9229
33.0834
33.2484
33.3294
33.4103
33.5759
33.7361
33.9017
33.9848
34.0616
34.2314
34.5554
34.7156
34.8788
35.0420
35.2056
35.2873
35.3695
35.5345
35.6959
35.8618
36.0189
36.1853
36.5124
36.6771
36.8397
37.3305
37.4952
37.6564
37.8204
37.9018
37.9828
38.1466
38.3021
38.4720
38.5551
38.6345
38.8003
38.9596
39.1239
39.2054
39.2865
39.4476
39.7747
40.4275
40.7559
41.2463
41.5773
41.6576
41.7361
41.8997
41.9846
42.0627
42.3952
42.5633
42.6935
43.0304
43.1793
43.3718
43.6801
44.1939
44.3254
44.5258
44.6505
45.0779
45.3370
45.5034
45.8278
46.4292
46.6453
46.8070
46.9764
47.1805
47.5588
47.9251
48.1143
48.1753
48.5579
48.8921
49.0777
49.5803
49.8970
50.0699
50.1470
50.3932
50.4715
50.5527
50.6180
50.8896
51.4525
51.5330
51.7832
51.9405
52.0209
52.2666
52.3529
52.4304
52.5148
52.6792
53.0029
53.1377
53.3280
53.4925
53.5749
53.7073
53.9823
54.1464
54.2289
54.3049
54.4705
54.6355
54.8010
54.8808
54.9590
55.0734
55.2847
55.4049
55.5350
55.6135
55.7295
55.9234
56.1037
56.1861
56.2671
56.4338
56.5924
56.7633
56.8419
56.9187
57.0176
57.2461
57.4090
57.4912
57.5414
57.8974
58.0601
58.1451
58.2266
58.3879
58.5523
58.8006
58.8798
59.0438
59.2079
59.3443
59.4460
59.5323
59.6967
59.8626
60.1076
60.1851
60.3506
60.5136
60.6736
60.7588
60.8391
61.0005
61.1634
61.2940
61.6557
61.9823
62.0649
62.2094
62.6392
62.7195
62.8012
62.8840
62.9656
63.1980
63.3701
63.4534
63.5734
63.7768
63.9360
64.0240
64.1031
64.2677
64.3948
64.5959
64.6763
64.7602
65.0841
65.2231
65.3293
65.4099
65.5720
65.7379
65.9015
65.9818
66.0569
66.1730
66.3897
66.5541
66.6377
66.7169
66.8805
67.0443
67.2086
67.2909
67.3717
67.5347
67.6984
67.8624
67.9404
68.0025
68.1880
68.3471
68.5142
68.5954
68.8394
69.0007
69.1675
69.2477
69.3273
69.4120
69.6557
69.8200
69.9028
69.9811
70.1458
70.3103
70.4730
70.5556
70.6332
70.6988
70.7956
71.0255
71.1220
71.6178
71.7851
72.1049
72.2648
72.5891
72.9261
73.2526
73.4111
73.6500
73.7759
74.2264
74.3618
74.7151
74.9636
75.3684
75.6931
75.9434
76.0245
76.6770
76.7576
76.9077
77.7393
77.8196
77.9849
78.1486
78.2291
78.3072
78.9619
79.2877
79.6109
79.9407
80.1710
80.4130
80.6758
80.7572
81.1617
81.2163
81.5745
82.2306
82.5544
82.8329
83.2078
83.5373
83.7139
83.8668
84.2682
84.3510
84.5125
84.6752
84.8185
84.9209
85.0000
85.1686
85.3318
85.4927
85.6576
85.8195
85.9821
86.1472
86.2257
86.3089
86.4714
86.6339
86.7994
86.8795
87.1249
87.2882
87.4533
87.5360
87.5894
87.9417
88.1067
88.2561
88.4320
88.5967
88.7563
88.8382
88.9217
89.0847
89.2461
89.3573
89.4934
89.5726
89.7364
89.9012
89.9670
90.1440
90.2245
90.3875
90.5519
90.7131
90.8002
90.8771
91.0423
91.1085
91.3734
91.4539
91.5332
91.6942
91.8629
91.9537
92.1676
92.3509
92.5129
92.6781
92.7609
92.8373
93.3294
93.6582
93.8181
93.9005
93.9827
94.0637
94.1474
94.4938
94.9618
95.1233
95.2899
95.4031
95.7763
95.9427
96.1054
96.2684
96.4321
96.5972
96.6796
96.7579
97.0866
97.2501
97.3285
97.4102
97.7376
97.9007
98.0633
98.2278
98.3922
98.5539
98.7161
99.0468
99.2890
99.3670
99.5237
99.8593
100.1874
100.5136
101.1153
101.8182
101.9699
102.3862
102.9668
103.4078
103.6444
104.7605
105.4101
105.5738
105.7146
105.9000
106.0655
106.2296
106.3925
106.4456
106.7183
106.8794
107.0452
107.1237
107.2057
107.3269
107.4182
107.5339
107.6960
107.8490
108.0241
108.1875
108.3524
108.5124
108.6780
108.8393
109.0032
109.0847
109.1674
109.2329
109.4945
109.6543
109.7350
109.8183
109.9832
110.1428
110.2908
110.6355
110.7657
110.9639
111.0422
111.1244
111.2104
111.2903
111.3735
111.4278
111.5343
111.7785
111.9412
112.0236
112.1044
112.2683
112.4309
112.5919
112.6749
112.7604
113.0038
113.0878
113.2515
113.4089
113.5770
113.6542
113.7382
113.9015
114.2275
114.4134
114.8828
115.1307
115.2144
115.3723
115.5326
115.8577
116.0512
116.1879
116.2699
116.3534
116.5120
116.6769
116.9230
117.1661
117.3304
117.4923
117.5733
117.6566
117.8155
117.9788
118.1462
118.2227
118.4732
118.6388
118.8827
118.9646
119.1156
119.2898
119.6083
119.9450
120.0974
120.1897
120.2618
120.7594
120.8386
120.9227
121.2475
121.3285
121.4010
121.5725
121.7418
121.9672
122.3559
123.0440
123.2272
123.4525
123.8577
124.0208
124.1882
124.3505
124.5105
124.6789
124.8391
125.0051
125.1654
125.3296
125.4917
125.6544
125.8195
125.9845
126.1452
126.3105
126.4736
126.6370
126.7989
126.9634
127.1272
127.2894
127.4512
127.6148
127.7793
127.9391
128.1032
128.2702
128.7583
129.0840
129.4105
129.5772
129.7397
129.9034
129.9835
130.0673
130.2288
130.3942
130.5563
130.7174
131.2072
131.2878
131.3696
131.4522
131.5337
131.8600
131.9433
132.0242
132.1065
132.1839
132.5099
132.8392
133.1622
133.4962
133.8200
133.9056
133.9834
134.1465
134.3084
134.4523
134.5556
134.6341
134.7999
134.9644
135.1261
135.2077
135.2885
135.4533
135.6151
135.7803
135.8632
135.9406
136.1048
136.2679
136.4316
136.5149
136.5877
136.7578
136.9207
137.0851
137.1686
137.2477
137.4120
137.5749
137.7401
137.9023
138.0655
138.2281
138.3922
138.4699
138.5549
138.7185
139.0429
139.2039
139.3713
139.5342
139.6970
139.7807
139.8588
140.0243
140.1864
140.3510
140.4318
140.5123
140.6757
140.8403
141.0035
141.0857
141.1650
141.3299
141.6563
141.7378
141.8180
141.9300
141.9821
142.0630
142.1453
142.4715
142.5510
142.6343
143.2910
143.5083
143.9457
144.8154
144.9780
145.1414
145.3057
145.4690
145.6318
145.7945
145.9577
146.1209
146.2850
146.4473
146.5565
146.8830
147.2104
147.5010
147.7532
147.8602
148.1861
148.5122
148.8400
149.1667
149.4934
149.9859
150.0665
150.4761
150.7993
151.1282
151.2900
151.4492
151.7808
152.0282
152.4328
152.6944
153.2540
153.3318
153.5740
153.7418
153.8193
153.8992
154.1785
154.3075
154.4244
154.9600
155.6951
156.2157
157.0054
157.3308
157.4121
157.4930
157.6537
157.8190
157.9542
158.0670
158.1426
158.3093
158.4742
158.6367
158.7177
158.8005
158.9623
159.1255
159.2868
159.3746
159.7783
159.9434
160.0215
160.0991
160.2685
160.4303
160.5947
160.6758
160.7565
160.9224
161.0848
161.2470
161.4131
161.5765
161.7397
161.9016
162.0648
162.2294
162.3875
162.6381
162.7172
162.8019
163.0448
163.2080
163.2889
163.3685
163.6976
163.8616
163.9420
164.0237
164.1879
164.3512
164.4784
164.5945
164.6746
164.8332
165.0052
165.1683
165.2487
165.3355
165.4945
165.6571
165.8164
166.1468
166.5258
167.4438
167.6964
167.7797
168.1086
168.3569
168.7299
169.0703
169.2453
169.7404
170.0261
170.2087
170.5536
171.0457
171.3195
171.5261
171.7807
172.0165
172.2504
172.4709
172.6747
173.0038
173.6568
173.9789
174.3039
174.9608
175.2869
175.6158
176.1070
176.2716
176.5978
176.9230
177.2521
177.5766
177.9039
178.3100
178.7095
178.8657
178.9652
179.0433
179.1488
179.3713
179.5299
179.6200
179.6938
179.8619
180.0215
180.0745
180.2707
180.3483
180.6761
180.8388
180.9231
180.9963
181.1665
181.3279
181.4953
181.5743
181.6567
181.8205
181.9833
182.1473
182.2343
182.4724
182.6381
182.8015
182.8808
182.9631
183.1241
183.2884
183.4516
183.5334
183.6155
183.7799
183.9411
184.1058
184.1863
184.2673
184.4190
184.5859
184.7565
184.8381
184.9198
185.0837
185.2463
185.4932
185.5759
185.7321
185.9039
186.0618
186.1459
186.1987
186.3901
186.5531
186.7194
186.8025
186.8598
187.0449
187.3718
187.4527
187.6995
187.8639
188.0267
188.1071
188.1885
188.2733
188.3561
188.4921
188.7407
189.4937
189.6574
189.8191
190.0291
190.3100
190.6361
190.7200
190.7986
190.9644
191.1284
191.6165
191.7778
191.9423
192.1044
192.2696
192.4314
192.5958
192.7584
192.9225
193.0875
193.2508
193.4090
193.5351
193.8204
193.8999
194.2181
194.5480
194.8783
195.2069
195.8610
196.1844
196.4326
196.9205
197.0012
197.1466
197.3315
197.4128
197.4934
197.6863
198.8030
199.6165
199.7590
199.9418
200.1068
200.2707
200.4333
200.4862
200.7612
200.9235
201.0862
201.1693
201.2478
201.3682
201.4603
201.5745
201.7401
202.0633
202.2280
202.3933
202.4711
202.5552
202.7190
202.8816
203.0456
203.1275
203.2084
203.5361
203.7764
203.8602
204.0242
204.1855
204.3316
204.6769
204.8082
205.0060
205.0848
205.1656
205.3307
205.4939
205.8207
205.9819
206.1460
206.3118
206.4711
206.6318
206.7193
206.8040
206.9627
207.0456
207.1295
207.2909
207.4516
207.6181
207.6949
207.7800
207.9430
208.2699
208.9227
209.1714
209.2503
209.5768
209.9024
210.2295
210.3944
210.7176
210.8689
210.9590
211.2070
211.3748
211.5329
211.6195
211.6977
212.1867
212.5146
212.6797
212.9236
213.0053
213.1620
213.6543
213.8253
213.9790
214.1425
214.3046
214.9621
215.1255
215.3742
215.6170
215.7801
216.3968
217.0850
217.9263
218.0661
218.2274
218.5548
218.7182
218.8817
219.0437
219.2076
219.3730
219.4523
219.5361
219.6985
219.8609
220.1870
220.3509
220.5136
220.6780
220.8402
221.0061
221.1693
221.3307
221.4913
221.6595
221.8212
221.9859
222.0640
222.1432
222.3108
222.4693
222.7991
222.9639
223.1268
223.2825
223.4528
223.6180
223.7815
223.9440
224.0244
224.1091
224.2679
224.4332
224.5968
224.7605
224.9240
225.0831
225.2483
225.3301
225.4113
225.5766
225.7409
225.9063
226.0619
226.2299
226.5564
226.6356
226.7170
226.7995
226.8810
227.2074
227.2904
227.3726
227.4547
227.5378
227.9425
228.0255
228.1867
228.3490
228.4900
228.5977
228.6761
228.8417
229.0060
229.1685
229.2500
229.3311
229.4946
229.6569
229.8200
229.9008
229.9822
230.1429
230.3087
230.4750
230.5542
230.6287
230.7984
230.9612
231.1275
231.2102
231.2899
231.4532
231.6169
231.7801
231.8622
231.9446
232.1083
232.2711
232.4349
232.5122
232.5956
232.7595
232.9182
233.0847
233.1674
233.2485
233.4121
233.5746
233.7402
233.8213
233.9001
234.0651
234.2281
234.3924
234.4752
234.5534
234.7193
234.8813
235.0447
235.1272
235.2064
235.3717
235.5404
235.6957
236.0231
236.1903
236.3481
236.5139
236.5961
236.6760
237.0029
237.3327
237.5502
237.9894
240.2673
240.5987
241.2306
243.0475
243.8315
245.4970
245.8233
246.4117
248.4324
250.7200
251.0466
251.4646
251.5463
251.6283
251.6834
253.0987
253.3332
253.6599
254.1603
254.2348
256.1089
256.7721
256.8458
258.8830
260.1823
260.5082
260.5913
260.6701
261.0005
261.0807
261.1593
261.3235
261.4084
261.4906
261.5719
261.8197
261.9039
261.9876
262.0668
262.1508
262.2305
262.3149
262.3943
262.4780
262.5588
262.6368
262.7204
262.8015
263.2782
263.3779
263.5696
263.7621
264.0497
264.1472
264.3348
264.5288
264.9135
265.1057
265.3001
265.5842
265.6768
266.0682
266.3524
266.4460
266.6390
266.8365
267.1214
267.2253
267.4103
267.5082
267.6028
267.7939
267.8923
267.9855
268.1769
268.3707
268.5603
268.7553
269.1378
269.5223
269.9055
270.1958
270.2903
270.4803
270.6747
271.0599
271.4442
271.7313
271.8271
272.0220
272.2093
272.5966
272.7878
272.9838
273.2680
273.5577
273.6512
273.9412
274.1325
274.3240
274.7122
274.9041
275.2846
275.4804
275.5753
275.6720
275.8655
276.0562
276.1518
276.2482
276.3429
276.4419
276.6287
276.8243
277.0169
277.1091
277.2077
277.3999
277.5949
277.6870
277.7677
277.8777
277.9797
278.1670
278.2634
278.3608
278.5519
278.6482
278.7436
278.8413
278.9369
279.0324
279.1295
279.3192
279.4140
279.5135
279.6071
279.7057
279.7979
279.8983
280.0884
280.1854
280.2836
280.4738
280.5688
280.6692
280.8551
280.9500
281.0486
281.2441
281.7216
281.8279
282.0095
282.2112
282.4045
282.4906
282.5970
282.7816
282.9804
283.1708
283.2574
283.3642
283.5524
283.7410
283.9153
284.0267
284.1263
284.3154
284.4082
284.5083
284.6982
284.7949
284.8939
284.9883
285.0842
285.1784
285.2773
285.4657
285.5609
285.6572
285.7507
285.8464
286.2318
286.3290
286.4264
286.5233
286.6187
286.7150
286.8104
286.9118
287.1946
287.2902
287.3842
287.5758
287.8666
287.9608
288.3453
288.6332
288.7309
288.9214
289.1156
289.5002
289.6909
289.8835
290.1712
290.2661
290.6496
290.9388
291.0381
291.2279
291.4183
291.7097
291.8030
292.1907
292.5743
292.7464
292.9565
293.2426
293.3415
293.7222
294.0114
294.1123
294.2970
294.4914
294.8784
295.2620
295.6456
295.8361
296.0295
296.3188
296.4104
296.6081
296.7957
297.0869
297.1807
297.3757
297.5623
297.8568
297.9491
298.5242
298.7144
299.0992
299.2916
299.4836
299.5807
299.6801
299.8609
300.0630
300.1613
300.2552
300.4485
300.6400
300.7377
300.8333
300.9293
301.0251
301.2154
301.4098
301.6037
301.6949
301.7951
301.9857
302.1796
302.2725
302.3731
302.4643
302.5645
302.7553
302.8490
302.9482
303.1373
303.2340
303.3319
303.4266
303.5222
303.6177
303.7145
303.9048
303.9994
304.0953
304.1904
304.2909
304.3854
304.4807
304.6738
304.7713
304.8662
305.0587
305.1549
305.2479
305.6307
305.8284
306.0238
306.2126
306.3078
306.4023
306.5949
306.7876
306.8836
306.9812
307.0767
307.1691
307.3648
307.5539
307.7479
307.8432
307.9389
308.1339
308.3225
308.4221
308.5147
308.6133
308.7110
308.8989
308.9959
309.0933
309.2834
309.3806
309.4771
309.5733
309.6691
309.7643
309.8609
309.9539
310.0518
310.1459
310.2445
310.4337
310.6270
310.7218
310.8185
310.9153
311.0120
311.1085
311.2106
311.2944
311.3951
311.4934
311.5962
311.6831
311.7796
311.8755
311.9735
313.2808
314.2600
314.5877
315.8902
316.8754
317.1989
318.5058
319.8115
321.1177
322.2619
322.4236
323.7254
324.0474
324.2436
324.3256
324.3814
324.4620
324.6073
324.6985
324.8963
324.9781
325.0347
325.5220
325.6912
325.8495
326.0156
326.1761
326.3416
326.5018
326.6678
326.8300
326.9966
327.1552
327.3209
327.4040
327.4825
327.6462
327.8106
327.9730
328.0549
328.1349
328.3007
328.4619
328.6295
328.7877
328.9539
329.1139
329.2799
329.3617
329.4388
329.6092
329.7679
329.9341
330.0166
330.0895
330.2610
330.4177
330.5848
330.6654
330.7477
330.9119
331.0746
331.2346
331.3209
331.4002
331.5657
331.7288
331.8920
331.9740
332.0558
332.2196
332.3827
332.5436
332.7062
332.8719
332.9547
333.0382
333.1968
333.3670
333.5224
333.6877
333.7690
333.8472
333.9310
334.0143
334.0932
334.1754
334.5036
334.5836
334.6670
334.7470
334.8295
334.9109
335.0721
335.1547
335.2365
335.3003
335.3992
335.4865
335.6479
335.8912
335.9691
336.1374
336.2955
336.4630
336.6241
336.7909
336.9527
337.1197
337.2789
337.4428
337.6040
337.7714
337.8529
337.9330
338.0957
338.2588
338.4225
338.5035
338.5855
338.7479
338.9113
339.0735
339.2363
339.3992
339.5654
339.7279
339.8895
340.0529
340.2184
340.4621
340.5404
340.7113
340.8699
341.1964
341.3611
341.5241
341.6851
341.7711
341.8497
342.0139
342.1783
342.3398
342.5070
342.6660
342.8318
342.9956
343.1560
343.3128
343.6466
343.7285
343.8915
343.9731
344.1392
344.2999
344.3807
344.4648
344.5480
344.6186
344.9543
345.0348
345.1152
345.4451
345.5260
345.6040
345.7688
345.8525
345.9367
346.3411
346.4224
346.5863
346.7468
346.8904
346.9913
347.0724
347.2365
347.4029
347.5638
347.6461
347.7271
347.8911
348.0536
348.2170
348.2973
348.3790
348.5416
348.7055
348.8715
348.9527
349.0266
349.1963
349.3595
349.5241
349.6040
349.6864
349.8491
350.0136
350.1760
350.2575
350.3414
350.5030
350.6674
350.8300
350.9102
350.9933
351.1574
351.3169
351.4848
351.5652
351.6469
351.8110
351.9722
352.1359
352.2192
352.2975
352.4617
352.6254
352.7884
352.8708
352.9512
353.1148
353.2783
353.4418
353.5219
353.6039
353.7640
353.9343
354.0971
354.1780
354.2631
354.4247
354.5844
354.7513
354.8326
354.9095
355.0682
355.2394
355.3199
355.4016
355.4814
355.5654
355.6478
355.7231
355.8962
355.9732
356.0545
356.1335
356.2165
356.2972
356.3834
356.7903
356.8693
357.0365
357.1952
357.3613
357.4441
357.5224
357.6886
357.8495
358.0147
358.0959
358.1758
358.3390
358.5022
358.6661
358.8297
358.9931
359.1587
359.3195
359.4825
359.6485
359.8090
359.9752
360.0566
360.1343
360.2999
360.4630
360.6259
360.7086
360.7881
360.9515
361.1159
361.2783
361.4390
361.6056
361.7655
361.9100
362.0146
362.0951
362.2606
362.4212
362.5818
362.6696
362.7490
362.9118
363.0770
363.2404
363.3210
363.4040
363.5677
363.7310
363.8908
364.0544
364.2182
364.3816
364.5467
364.6270
364.7076
364.8728
365.0352
365.2022
365.3572
365.5245
365.7661
366.0140
366.5031
366.8358
366.9949
367.2393
367.3197
367.4838
367.6429
367.8102
367.8914
367.9701
368.1377
368.2980
368.4637
368.6253
368.7887
368.9514
369.1159
369.1963
369.2777
369.4428
369.6078
369.7685
369.8503
369.9322
370.0958
370.2572
370.4246
370.5059
370.5833
370.7499
370.9104
371.0764
371.1576
371.2348
371.4040
371.5648
371.7277
371.8094
371.8885
372.0581
372.2150
372.4643
372.5435
372.7084
372.8707
373.0336
373.1185
373.1969
373.3625
373.5259
373.6886
373.7693
373.8526
374.0152
374.1794
374.3407
374.5030
374.6660
374.7563
374.9929
375.3211
375.4819
375.5642
375.6464
375.7261
375.8120
375.8896
375.9683
376.2964
376.5504
376.6235
376.9472
377.2845
377.6050
377.6883
377.7700
377.9317
378.0944
378.2361
378.3405
378.4198
378.5840
378.7502
378.9101
378.9919
379.0747
379.2383
379.4008
379.5647
379.6450
379.7261
379.8904
380.0519
380.2184
380.3007
380.3740
380.5434
380.7067
380.8706
380.9555
381.0339
381.1990
381.3614
381.5258
381.6081
381.6891
381.8495
382.0141
382.1770
382.2599
382.3391
382.5036
382.6638
382.8289
382.9107
382.9915
383.1562
383.2404
383.3186
383.4815
383.5663
383.6450
383.7302
383.8078
383.8918
383.9725
384.0567
384.1357
384.2182
384.2981
384.4616
384.5439
384.6254
384.7063
384.7884
384.8695
384.9514
385.1124
385.1974
385.2811
385.4434
385.5233
385.6085
385.7715
385.8498
385.9309
386.0973
386.1752
386.2567
386.4215
386.6685
386.7532
386.9925
387.0757
387.4045
387.5677
387.6472
387.7313
388.0551
388.1367
388.2181
388.3823
388.5428
388.7090
388.7888
388.8707
389.0332
389.1993
389.3594
389.4411
389.5244
389.6871
389.8499
390.0133
390.0942
390.1749
390.3387
390.4225
390.5010
390.6680
390.7505
390.8231
390.9910
391.0743
391.1556
391.3195
391.4011
391.4825
391.6466
391.7303
391.8102
391.8927
391.9739
392.0566
392.1381
392.2199
392.3005
392.3847
392.4637
392.6274
392.7095
392.7891
392.8734
392.9533
393.0348
393.1136
393.2784
393.3611
393.4421
393.6059
393.6870
393.7678
393.9310
394.0117
394.0935
394.2563
394.3407
394.4214
394.5853
394.6678
394.7477
394.9126
394.9939
395.0746
395.2398
395.3205
395.4014
395.5636
395.6466
395.7302
395.8113
395.8912
396.2174
396.3846
396.4628
396.5445
396.6260
396.7071
396.7898
396.8710
397.1973
397.2789
397.4449
397.5244
397.8529
397.9338
397.9897
398.1575
398.9342
399.9288
400.4315
400.7132
400.7906
401.8934
402.5836
402.9493
403.4032
404.2971
405.6191
405.7672
405.9942
408.2554
408.4047
409.6971
409.8528
410.2237
410.6285
411.1272
411.2426
411.4712
412.4249
413.4642
413.7329
414.2839
414.7993
415.0614
415.5516
416.0690
416.4646
417.2879
417.4545
417.5429
417.7675
417.9373
418.3285
418.5019
418.5829
418.9943
419.0772
419.7286
419.8904
420.0326
420.2153
420.3830
420.5467
420.7094
420.7925
421.0348
421.1967
421.3646
421.4455
421.5226
421.6354
421.6890
421.8496
422.0165
422.1636
422.3387
422.5028
422.6690
422.8305
422.9949
423.1572
423.3197
423.4025
423.4853
423.8097
424.0518
424.1362
424.3003
424.4585
424.6062
424.9540
425.0931
425.2800
425.3624
425.4413
425.6055
425.7691
425.8512
426.0953
426.2583
426.4219
426.5855
426.6692
426.7469
426.9094
426.9957
427.2396
427.3198
427.4020
427.4831
427.5641
427.8902
428.0541
428.1347
428.2183
428.6269
428.7112
429.2003
429.4466
429.5302
430.0148
430.1763
430.3382
430.4836
430.5881
430.6660
430.8312
430.9955
431.1542
431.2379
431.4829
431.6456
431.8080
431.8911
431.9715
432.2978
432.4616
432.7887
432.9515
433.2788
433.4347
433.5263
433.6075
433.9265
434.1762
434.2603
434.5025
434.5819
434.7513
435.0749
435.2387
435.4010
435.6444
435.7048
435.8083
435.8904
436.0561
436.3074
436.6611
437.0287
437.3618
437.5265
437.7701
437.8745
438.3415
438.5020
438.6685
438.8327
439.1572